black       (1,0) (0.5,0.866) (1,1.732) (3,1.732) (3.5,0.866) (3,0) 
blue        (0,0) (0,1) (1,1) (1,0) 
brown       (2,0) (0,1) (3,3)
cyan        (0,0) (0,2) (1,0)
green       (0,0) (0,1) (1,0) 
grey        (1,0) (1.5,0.866) (1,1.732) (2,1.732) (2.5,0.866) (2,0)
magenta     (0,0) (1,1) (4,1) (3,0)
olive       (0,0) (1,2) (6,3) (4,0)
orange      (0,0) (0,3) (2,3) (2,0)
pink        (1,0) (0,2) (4,2) (3,0)
purple      (0,0) (0,2) (3,1)
red         (0,0) (0.5,0.866) (1,0)
teal        (1,0) (0,3) (1,4) (2,3)
white       (2,0) (0,1) (3,4) (6,1) (4,0)
yellow      (0,1) (2,2) (4,1) (2,0)
















